0.00059032
0.0023613
0.0053128
0.009445
0.014758
0.021251
0.028925
0.037779
0.047814
0.059029
0.071425
0.085001
0.099757
0.11569
0.13281
0.15111
0.17058
0.19124
0.21307
0.23609
0.26028
0.28566
0.31221
0.33995
0.36886
0.39895
0.43022
0.46267
0.49629
0.5311
0.56708
0.60424
0.64258
0.6821
0.72279
0.76466
0.80771
0.85193
0.89733
0.94391
0.99167
1.0406
1.0907
1.142
1.1944
1.2481
1.3029
1.3589
1.416
1.4743
1.5338
1.5945
1.6564
1.7194
1.7836
1.849
1.9155
1.9832
2.0521
2.1221
2.1934
2.2657
2.3393
2.414
2.4899
2.567
2.6453
2.7247
2.8052
2.887
2.9699
3.054
3.1392
3.2256
3.3132
3.4019
3.4918
3.5829
3.6751
3.7685
3.8631
3.9588
4.0557
4.1537
4.2529
4.3533
4.4548
4.5575
4.6613
4.7663
4.8725
4.9798
5.0883
5.1979
5.3087
5.4207
5.5338
5.648
5.7634
5.88
5.9977
6.1166
6.2366
6.3577
6.4801
6.6035
6.7281
6.8539
6.9808
7.1089
7.2381
7.3685
7.5
7.6326
7.7664
7.9013
8.0374
8.1746
8.313
8.4525
8.5931
8.7349
8.8779
9.0219
9.1671
9.3135
9.4609
9.6096
9.7593
9.9102
10.062
10.215
10.37
10.525
10.682
10.839
10.998
11.158
11.319
11.481
11.645
11.809
11.975
12.141
12.309
12.478
12.648
12.819
12.992
13.165
13.339
13.515
13.692
13.87
14.049
14.229
14.41
14.592
14.776
14.96
15.146
15.333
15.521
15.71
15.9
16.091
16.283
16.477
16.671
16.867
17.064
17.262
17.46
17.66
17.862
18.064
18.267
18.472
18.677
18.884
19.091
19.3
19.51
19.721
19.933
20.146
20.36
20.576
20.792
21.009
21.228
21.448
21.668
21.89
22.113
22.337
22.562
22.788
23.015
23.243
23.473
23.703
23.934
24.167
24.4
24.635
24.871
25.108
25.345
25.584
25.824
26.065
26.307
26.55
26.795
27.04
27.286
27.533
27.782
28.031
28.282
28.533
28.786
29.039
29.294
29.55
29.807
30.064
30.323
30.583
30.844
31.106
31.369
31.633
31.898
32.164
32.431
32.699
32.968
33.238
33.51
33.782
34.055
34.329
34.605
34.881
35.158
35.437
35.716
35.996
36.278
36.56
36.843
37.128
37.413
37.699
37.987
38.275
38.565
38.855
39.146
39.439
39.732
40.027
40.322
40.618
40.916
41.214
41.513
41.814
42.115
42.417
42.72
43.025
43.33
43.636
43.943
44.251
44.56
44.87
45.181
45.493
45.806
46.12
46.435
46.751
47.068
47.386
47.704
48.024
48.345
48.666
48.989
49.312
49.637
49.962
50.289
50.616
50.944
51.273
51.603
51.934
52.266
52.599
52.933
53.268
53.604
53.94
54.278
54.616
54.956
55.296
55.637
55.979
56.322
56.666
57.011
57.357
57.704
58.051
58.4
58.749
59.1
59.451
59.803
60.156
60.51
60.865
61.221
61.577
61.935
62.293
62.652
63.013
63.374
63.736
64.098
64.462
64.827
65.192
65.558
65.926
66.294
66.663
67.032
67.403
67.774
68.147
68.52
68.894
69.269
69.645
70.022
70.399
70.777
71.157
71.537
71.918
72.299
72.682
73.065
73.449
73.834
74.22
74.607
74.995
75.383
75.772
76.162
76.553
76.945
77.337
77.731
78.125
78.52
78.915
79.312
79.709
80.107
80.506
80.906
81.307
81.708
82.11
82.513
82.917
83.321
83.727
84.133
84.54
84.947
85.356
85.765
86.175
86.586
86.997
87.41
87.823
88.237
88.651
89.067
89.483
89.9
90.317
90.736
91.155
91.575
91.995
92.417
92.839
93.262
93.685
94.11
94.535
94.961
95.387
95.814
96.242
96.671
97.101
97.531
97.962
98.393
98.826
99.259
99.693
100.13
100.56
101
101.43
101.87
102.31
102.75
103.19
103.63
104.07
104.51
104.95
105.4
105.84
106.28
106.73
107.17
107.62
108.07
108.51
108.96
109.41
109.86
110.31
110.76
111.21
111.67
112.12
112.57
113.03
113.48
113.94
114.39
114.85
115.31
115.76
116.22
116.68
117.14
117.6
118.06
118.53
118.99
119.45
119.92
120.38
120.84
121.31
121.78
122.24
122.71
123.18
123.65
124.12
124.59
125.06
125.53
126
126.47
126.94
127.42
127.89
128.36
128.84
129.31
129.79
130.27
130.74
131.22
131.7
132.18
132.66
133.14
133.62
134.1
134.58
135.06
135.55
136.03
136.51
137
137.48
137.97
138.45
138.94
139.43
139.92
140.4
140.89
141.38
141.87
142.36
142.85
143.34
143.83
144.33
144.82
145.31
145.81
146.3
146.79
147.29
147.78
148.28
148.78
149.27
149.77
150.27
150.77
151.27
151.77
152.27
152.77
153.27
153.77
154.27
154.77
155.27
155.78
156.28
156.79
157.29
157.79
158.3
158.81
159.31
159.82
160.32
160.83
161.34
161.85
162.36
162.87
163.37
163.88
164.39
164.91
165.42
165.93
166.44
166.95
167.46
167.98
168.49
169
169.52
170.03
170.55
171.06
171.58
172.1
172.61
173.13
173.65
174.16
174.68
175.2
175.72
176.24
176.76
177.28
177.8
178.32
178.84
179.36
179.88
180.4
180.92
181.45
181.97
182.49
183.01
183.54
184.06
184.59
185.11
185.63
186.16
186.69
187.21
187.74
188.26
188.79
189.32
189.84
190.37
190.9
191.43
191.96
192.48
193.01
193.54
194.07
194.6
195.13
195.66
196.19
196.72
197.25
197.78
198.32
198.85
199.38
199.91
200.44
200.98
201.51
202.04
202.58
203.11
203.64
204.18
204.71
205.25
205.78
206.32
206.85
207.39
207.92
208.46
208.99
209.53
210.06
210.6
211.14
211.67
212.21
212.75
213.29
213.82
214.36
214.9
215.44
215.97
216.51
217.05
217.59
218.13
218.67
219.21
219.75
220.29
220.83
221.36
221.9
222.44
222.98
223.52
224.06
224.61
225.15
225.69
226.23
226.77
227.31
227.85
228.39
228.93
229.47
230.02
230.56
231.1
231.64
232.18
232.72
233.27
233.81
234.35
234.89
235.44
235.98
236.52
237.06
237.61
238.15
238.69
239.23
239.78
240.32
240.86
241.41
241.95
242.49
243.03
243.58
244.12
244.66
245.21
245.75
246.29
246.84
247.38
247.92
248.47
249.01
249.55
250.1
250.64
251.18
251.73
252.27
252.81
253.36
253.9
254.44
254.99
255.53
256.07
256.61
257.16
257.7
258.24
258.79
259.33
259.87
260.42
260.96
261.5
262.04
262.59
263.13
263.67
264.21
264.76
265.3
265.84
266.38
266.92
267.47
268.01
268.55
269.09
269.63
270.18
270.72
271.26
271.8
272.34
272.88
273.42
273.96
274.5
275.04
275.59
276.13
276.67
277.21
277.75
278.29
278.83
279.37
279.9
280.44
280.98
281.52
282.06
282.6
283.14
283.68
284.22
284.75
285.29
285.83
286.37
286.9
287.44
287.98
288.52
289.05
289.59
290.12
290.66
291.2
291.73
292.27
292.8
293.34
293.87
294.41
294.94
295.48
296.01
296.55
297.08
297.61
298.15
298.68
299.21
299.74
300.28
300.81
301.34
301.87
302.4
302.93
303.46
304
304.53
305.06
305.59
306.12
306.64
307.17
307.7
308.23
308.76
309.29
309.81
310.34
310.87
311.4
311.92
312.45
312.97
313.5
314.03
314.55
315.08
315.6
316.12
316.65
317.17
317.69
318.22
318.74
319.26
319.78
320.3
320.83
321.35
321.87
322.39
322.91
323.43
323.95
324.46
324.98
325.5
326.02
326.54
327.05
327.57
328.09
328.6
329.12
329.63
330.15
330.66
331.18
331.69
332.2
332.72
333.23
333.74
334.25
334.76
335.27
335.79
336.3
336.81
337.31
337.82
338.33
338.84
339.35
339.85
340.36
340.87
341.37
341.88
342.38
342.89
343.39
343.9
344.4
344.9
345.41
345.91
346.41
346.91
347.41
347.91
348.41
348.91
349.41
349.91
350.4
350.9
351.4
351.89
352.39
352.89
353.38
353.87
354.37
354.86
355.36
355.85
356.34
356.83
357.32
357.81
358.3
358.79
359.28
359.77
360.26
360.74
361.23
361.72
362.2
362.69
363.17
363.66
364.14
364.62
365.11
365.59
366.07
366.55
367.03
367.51
367.99
368.47
368.95
369.42
369.9
370.38
370.85
371.33
371.8
372.28
372.75
373.22
373.7
374.17
374.64
375.11
375.58
376.05
376.52
376.99
377.46
377.92
378.39
378.85
379.32
379.78
380.25
380.71
381.17
381.64
382.1
382.56
383.02
383.48
383.94
384.4
384.85
385.31
385.77
386.22
386.68
387.13
387.59
388.04
388.49
388.95
389.4
389.85
390.3
390.75
391.2
391.64
392.09
392.54
392.98
393.43
393.87
394.32
394.76
395.2
395.65
396.09
396.53
396.97
397.41
397.84
398.28
398.72
399.16
399.59
400.03
400.46
400.89
401.33
401.76
402.19
402.62
403.05
403.48
403.91
404.34
404.76
405.19
405.62
406.04
406.46
406.89
407.31
407.73
408.15
408.57
408.99
409.41
409.83
410.25
410.66
411.08
411.5
411.91
412.32
412.74
413.15
413.56
413.97
414.38
414.79
415.2
415.6
416.01
416.42
416.82
417.23
417.63
418.03
418.43
418.83
419.23
419.63
420.03
420.43
420.83
421.22
421.62
422.01
422.41
422.8
423.19
423.58
423.98
424.37
424.75
425.14
425.53
425.92
426.3
426.69
427.07
427.45
427.84
428.22
428.6
428.98
429.36
429.73
430.11
430.49
430.86
431.24
431.61
431.98
432.36
432.73
433.1
433.47
433.84
434.2
434.57
434.94
435.3
435.67
436.03
436.39
436.75
437.11
437.47
437.83
438.19
438.55
438.91
439.26
439.61
439.97
440.32
440.67
441.02
441.37
441.72
442.07
442.42
442.77
443.11
443.46
443.8
444.14
444.48
444.82
445.16
445.5
445.84
446.18
446.52
446.85
447.18
447.52
447.85
448.18
448.51
448.84
449.17
449.5
449.83
450.15
450.48
450.8
451.13
451.45
451.77
452.09
452.41
452.73
453.04
453.36
453.68
453.99
454.3
454.62
454.93
455.24
455.55
455.86
456.17
456.47
456.78
457.08
457.39
457.69
457.99
458.29
458.59
458.89
459.19
459.49
459.78
460.08
460.37
460.66
460.96
461.25
461.54
461.83
462.11
462.4
462.69
462.97
463.26
463.54
463.82
464.1
464.38
464.66
464.94
465.22
465.49
465.77
466.04
466.31
466.59
466.86
467.13
467.4
467.66
467.93
468.2
468.46
468.72
468.99
469.25
469.51
469.77
470.03
470.28
470.54
470.8
471.05
471.3
471.56
471.81
472.06
472.31
472.55
472.8
473.05
473.29
473.54
473.78
474.02
474.26
474.5
474.74
474.98
475.21
475.45
475.68
475.92
476.15
476.38
476.61
476.84
477.07
477.29
477.52
477.74
477.97
478.19
478.41
478.63
478.85
479.07
479.28
479.5
479.72
479.93
480.14
480.35
480.56
480.77
480.98
481.19
481.4
481.6
481.8
482.01
482.21
482.41
482.61
482.81
483.01
483.2
483.4
483.59
483.78
483.98
484.17
484.36
484.55
484.73
484.92
485.1
485.29
485.47
485.65
485.83
486.01
486.19
486.37
486.55
486.72
486.9
487.07
487.24
487.41
487.58
487.75
487.92
488.08
488.25
488.41
488.58
488.74
488.9
489.06
489.22
489.37
489.53
489.68
489.84
489.99
490.14
490.29
490.44
490.59
490.74
490.88
491.03
491.17
491.32
491.46
491.6
491.74
491.87
492.01
492.15
492.28
492.41
492.55
492.68
492.81
492.94
493.06
493.19
493.32
493.44
493.56
493.69
493.81
493.93
494.04
494.16
494.28
494.39
494.51
494.62
494.73
494.84
494.95
495.06
495.17
495.27
495.38
495.48
495.58
495.68
495.78
495.88
495.98
496.08
496.17
496.26
496.36
496.45
496.54
496.63
496.72
496.81
496.89
496.98
497.06
497.14
497.22
497.3
497.38
497.46
497.54
497.61
497.69
497.76
497.83
497.9
497.97
498.04
498.11
498.17
498.24
498.3
498.37
498.43
498.49
498.55
498.6
498.66
498.72
498.77
498.82
498.88
498.93
498.98
499.03
499.07
499.12
499.16
499.21
499.25
499.29
499.33
499.37
499.41
499.45
499.48
499.52
499.55
499.58
499.61
499.64
499.67
499.7
499.72
499.75
499.77
499.79
499.82
499.84
499.86
499.87
499.89
499.91
499.92
499.93
499.95
499.96
499.97
499.97
499.98
499.99
499.99
500
500
500
500
500
500
500
500
499.99
499.99
499.99
499.99
499.98
499.98
499.97
499.97
499.96
499.96
499.95
499.94
499.94
499.93
499.92
499.91
499.9
499.89
499.88
499.87
499.86
499.85
499.84
499.83
499.82
499.8
499.79
499.78
499.76
499.75
499.73
499.72
499.7
499.69
499.67
499.65
499.64
499.62
499.6
499.58
499.56
499.54
499.52
499.5
499.48
499.46
499.44
499.42
499.4
499.37
499.35
499.33
499.3
499.28
499.25
499.23
499.2
499.17
499.15
499.12
499.09
499.06
499.04
499.01
498.98
498.95
498.92
498.89
498.86
498.83
498.79
498.76
498.73
498.7
498.66
498.63
498.59
498.56
498.52
498.49
498.45
498.42
498.38
498.34
498.31
498.27
498.23
498.19
498.15
498.11
498.07
498.03
497.99
497.95
497.91
497.86
497.82
497.78
497.73
497.69
497.64
497.6
497.55
497.51
497.46
497.42
497.37
497.32
497.27
497.23
497.18
497.13
497.08
497.03
496.98
496.93
496.88
496.83
496.77
496.72
496.67
496.61
496.56
496.51
496.45
496.4
496.34
496.29
496.23
496.17
496.12
496.06
496
495.94
495.88
495.83
495.77
495.71
495.65
495.58
495.52
495.46
495.4
495.34
495.27
495.21
495.15
495.08
495.02
494.95
494.89
494.82
494.76
494.69
494.62
494.56
494.49
494.42
494.35
494.28
494.21
494.14
494.07
494
493.93
493.86
493.79
493.71
493.64
493.57
493.49
493.42
493.35
493.27
493.2
493.12
493.04
492.97
492.89
492.81
492.73
492.66
492.58
492.5
492.42
492.34
492.26
492.18
492.1
492.02
491.93
491.85
491.77
491.69
491.6
491.52
491.43
491.35
491.26
491.18
491.09
491.01
490.92
490.83
490.74
490.66
490.57
490.48
490.39
490.3
490.21
490.12
490.03
489.94
489.84
489.75
489.66
489.57
489.47
489.38
489.29
489.19
489.1
489
488.9
488.81
488.71
488.61
488.52
488.42
488.32
488.22
488.12
488.02
487.92
487.82
487.72
487.62
487.52
487.42
487.32
487.21
487.11
487.01
486.9
486.8
486.69
486.59
486.48
486.38
486.27
486.16
486.06
485.95
485.84
485.73
485.62
485.51
485.41
485.3
485.19
485.07
484.96
484.85
484.74
484.63
484.51
484.4
484.29
484.17
484.06
483.94
483.83
483.71
483.6
483.48
483.37
483.25
483.13
483.01
482.89
482.78
482.66
482.54
482.42
482.3
482.18
482.06
481.93
481.81
481.69
481.57
481.44
481.32
481.2
481.07
480.95
480.82
480.7
480.57
480.45
480.32
480.19
480.06
479.94
479.81
479.68
479.55
479.42
479.29
479.16
479.03
478.9
478.77
478.64
478.51
478.37
478.24
478.11
477.97
477.84
477.71
477.57
477.44
477.3
477.16
477.03
476.89
476.75
476.62
476.48
476.34
476.2
476.06
475.92
475.78
475.64
475.5
475.36
475.22
475.08
474.94
474.79
474.65
474.51
474.36
474.22
474.08
473.93
473.79
473.64
473.5
473.35
473.2
473.06
472.91
472.76
472.61
472.46
472.31
472.17
472.02
471.87
471.72
471.56
471.41
471.26
471.11
470.96
470.8
470.65
470.5
470.34
470.19
470.04
469.88
469.73
469.57
469.41
469.26
469.1
468.94
468.79
468.63
468.47
468.31
468.15
467.99
467.83
467.67
467.51
467.35
467.19
467.03
466.87
466.7
466.54
466.38
466.21
466.05
465.89
465.72
465.56
465.39
465.23
465.06
464.89
464.73
464.56
464.39
464.22
464.06
463.89
463.72
463.55
463.38
463.21
463.04
462.87
462.7
462.53
462.35
462.18
462.01
461.84
461.66
461.49
461.32
461.14
460.97
460.79
460.62
460.44
460.26
460.09
459.91
459.73
459.56
459.38
459.2
459.02
458.84
458.66
458.48
458.3
458.12
457.94
457.76
457.58
457.4
457.22
457.03
456.85
456.67
456.48
456.3
456.11
455.93
455.75
455.56
455.37
455.19
455
454.81
454.63
454.44
454.25
454.06
453.88
453.69
453.5
453.31
453.12
452.93
452.74
452.55
452.36
452.16
451.97
451.78
451.59
451.39
451.2
451.01
450.81
450.62
450.42
450.23
450.03
449.84
449.64
449.45
449.25
449.05
448.85
448.66
448.46
448.26
448.06
447.86
447.66
447.46
447.26
447.06
446.86
446.66
446.46
446.26
446.06
445.85
445.65
445.45
445.24
445.04
444.84
444.63
444.43
444.22
444.02
443.81
443.6
443.4
443.19
442.98
442.78
442.57
442.36
442.15
441.94
441.74
441.53
441.32
441.11
440.9
440.69
440.47
440.26
440.05
439.84
439.63
439.41
439.2
438.99
438.78
438.56
438.35
438.13
437.92
437.7
437.49
437.27
437.06
436.84
436.62
436.41
436.19
435.97
435.75
435.53
435.32
435.1
434.88
434.66
434.44
434.22
434
433.78
433.55
433.33
433.11
432.89
432.67
432.44
432.22
432
431.77
431.55
431.33
431.1
430.88
430.65
430.43
430.2
429.97
429.75
429.52
429.29
429.07
428.84
428.61
428.38
428.15
427.93
427.7
427.47
427.24
427.01
426.78
426.55
426.32
426.08
425.85
425.62
425.39
425.16
424.92
424.69
424.46
424.22
423.99
423.75
423.52
423.29
423.05
422.82
422.58
422.34
422.11
421.87
421.63
421.4
421.16
420.92
420.68
420.45
420.21
419.97
419.73
419.49
419.25
419.01
418.77
418.53
418.29
418.05
417.8
417.56
417.32
417.08
416.84
416.59
416.35
416.11
415.86
415.62
415.37
415.13
414.88
414.64
414.39
414.15
413.9
413.66
413.41
413.16
412.92
412.67
412.42
412.17
411.92
411.68
411.43
411.18
410.93
410.68
410.43
410.18
409.93
409.68
409.43
409.18
408.92
408.67
408.42
408.17
407.92
407.66
407.41
407.16
406.9
406.65
406.39
406.14
405.89
405.63
405.38
405.12
404.86
404.61
404.35
404.09
403.84
403.58
403.32
403.07
402.81
402.55
402.29
402.03
401.77
401.52
401.26
401
400.74
400.48
400.22
399.95
399.69
399.43
399.17
398.91
398.65
398.39
398.12
397.86
397.6
397.33
397.07
396.81
396.54
396.28
396.01
395.75
395.48
395.22
394.95
394.69
394.42
394.16
393.89
393.62
393.36
393.09
392.82
392.55
392.29
392.02
391.75
391.48
391.21
390.94
390.67
390.4
390.13
389.86
389.59
389.32
389.05
388.78
388.51
388.24
387.97
387.69
387.42
387.15
386.88
386.6
386.33
386.06
385.78
385.51
385.24
384.96
384.69
384.41
384.14
383.86
383.59
383.31
383.04
382.76
382.48
382.21
381.93
381.65
381.38
381.1
380.82
380.54
380.26
379.99
379.71
379.43
379.15
378.87
378.59
378.31
378.03
377.75
377.47
377.19
376.91
376.63
376.35
376.07
375.79
375.5
375.22
374.94
374.66
374.37
374.09
373.81
373.52
373.24
372.96
372.67
372.39
372.11
371.82
371.54
371.25
370.97
370.68
370.39
370.11
369.82
369.54
369.25
368.96
368.68
368.39
368.1
367.82
367.53
367.24
366.95
366.66
366.38
366.09
365.8
365.51
365.22
364.93
364.64
364.35
364.06
363.77
363.48
363.19
362.9
362.61
362.32
362.03
361.73
361.44
361.15
360.86
360.57
360.27
359.98
359.69
359.4
359.1
358.81
358.52
358.22
357.93
357.63
357.34
357.04
356.75
356.46
356.16
355.86
355.57
355.27
354.98
354.68
354.39
354.09
353.79
353.5
353.2
352.9
352.61
352.31
352.01
351.71
351.42
351.12
350.82
350.52
350.22
349.92
349.62
349.33
349.03
348.73
348.43
348.13
347.83
347.53
347.23
346.93
346.63
346.33
346.03
345.72
345.42
345.12
344.82
344.52
344.22
343.91
343.61
343.31
343.01
342.7
342.4
342.1
341.8
341.49
341.19
340.89
340.58
340.28
339.97
339.67
339.37
339.06
338.76
338.45
338.15
337.84
337.54
337.23
336.92
336.62
336.31
336.01
335.7
335.39
335.09
334.78
334.48
334.17
333.86
333.55
333.25
332.94
332.63
332.32
332.02
331.71
331.4
331.09
330.78
330.47
330.17
329.86
329.55
329.24
328.93
328.62
328.31
328
327.69
327.38
327.07
326.76
326.45
326.14
325.83
325.52
325.21
324.9
324.59
324.28
323.96
323.65
323.34
323.03
322.72
322.41
322.09
321.78
321.47
321.16
320.84
320.53
320.22
319.91
319.59
319.28
318.97
318.65
318.34
318.03
317.71
317.4
317.08
316.77
316.46
316.14
315.83
315.51
315.2
314.88
314.57
314.25
313.94
313.62
313.31
312.99
312.68
312.36
312.05
311.73
311.41
311.1
310.78
310.47
310.15
309.83
309.52
309.2
308.88
308.57
308.25
307.93
307.62
307.3
306.98
306.66
306.35
306.03
305.71
305.39
305.07
304.76
304.44
304.12
303.8
303.48
303.17
302.85
302.53
302.21
301.89
301.57
301.25
300.93
300.61
300.29
299.98
299.66
299.34
299.02
298.7
298.38
298.06
297.74
297.42
297.1
296.78
296.46
296.14
295.82
295.5
295.18
294.85
294.53
294.21
293.89
293.57
293.25
292.93
292.61
292.29
291.97
291.64
291.32
291
290.68
290.36
290.04
289.71
289.39
289.07
288.75
288.43
288.1
287.78
287.46
287.14
286.82
286.49
286.17
285.85
285.53
285.2
284.88
284.56
284.23
283.91
283.59
283.27
282.94
282.62
282.3
281.97
281.65
281.33
281
280.68
280.36
280.03
279.71
279.38
279.06
278.74
278.41
278.09
277.77
277.44
277.12
276.79
276.47
276.14
275.82
275.5
275.17
274.85
274.52
274.2
273.87
273.55
273.23
272.9
272.58
272.25
271.93
271.6
271.28
270.95
270.63
270.3
269.98
269.65
269.33
269
268.68
268.35
268.03
267.7
267.38
267.05
266.73
266.4
266.08
265.75
265.43
265.1
264.78
264.45
264.12
263.8
263.47
263.15
262.82
262.5
262.17
261.85
261.52
261.19
260.87
260.54
260.22
259.89
259.57
259.24
258.91
258.59
258.26
257.94
257.61
257.29
256.96
256.63
256.31
255.98
255.66
255.33
255
254.68
254.35
254.03
253.7
253.37
253.05
252.72
252.4
252.07
251.74
251.42
251.09
250.77
250.44
250.12
249.79
249.46
249.14
248.81
248.49
248.16
247.83
247.51
247.18
246.86
246.53
246.2
245.88
245.55
245.23
244.9
244.57
244.25
243.92
243.6
243.27
242.94
242.62
242.29
241.97
241.64
241.32
240.99
240.66
240.34
240.01
239.69
239.36
239.04
238.71
238.38
238.06
237.73
237.41
237.08
236.76
236.43
236.11
235.78
235.45
235.13
234.8
234.48
234.15
233.83
233.5
233.18
232.85
232.53
232.2
231.88
231.55
231.23
230.9
230.58
230.25
229.93
229.6
229.28
228.95
228.63
228.3
227.98
227.65
227.33
227
226.68
226.35
226.03
225.71
225.38
225.06
224.73
224.41
224.08
223.76
223.44
223.11
222.79
222.46
222.14
221.82
221.49
221.17
220.84
220.52
220.2
219.87
219.55
219.23
218.9
218.58
218.26
217.93
217.61
217.29
216.96
216.64
216.32
215.99
215.67
215.35
215.03
214.7
214.38
214.06
213.73
213.41
213.09
212.77
212.45
212.12
211.8
211.48
211.16
210.83
210.51
210.19
209.87
209.55
209.23
208.9
208.58
208.26
207.94
207.62
207.3
206.98
206.66
206.33
206.01
205.69
205.37
205.05
204.73
204.41
204.09
203.77
203.45
203.13
202.81
202.49
202.17
201.85
201.53
201.21
200.89
200.57
200.25
199.93
199.61
199.29
198.97
198.65
198.33
198.02
197.7
197.38
197.06
196.74
196.42
196.1
195.79
195.47
195.15
194.83
194.51
194.2
193.88
193.56
193.24
192.93
192.61
192.29
191.97
191.66
191.34
191.02
190.71
190.39
190.07
189.76
189.44
189.12
188.81
188.49
188.18
187.86
187.55
187.23
186.91
186.6
186.28
185.97
185.65
185.34
185.02
184.71
184.39
184.08
183.77
183.45
183.14
182.82
182.51
182.2
181.88
181.57
181.25
180.94
180.63
180.31
180
179.69
179.38
179.06
178.75
178.44
178.13
177.81
177.5
177.19
176.88
176.57
176.26
175.94
175.63
175.32
175.01
174.7
174.39
174.08
173.77
173.46
173.15
172.84
172.53
172.22
171.91
171.6
171.29
170.98
170.67
170.36
170.05
169.74
169.43
169.13
168.82
168.51
168.2
167.89
167.59
167.28
166.97
166.66
166.36
166.05
165.74
165.43
165.13
164.82
164.51
164.21
163.9
163.6
163.29
162.99
162.68
162.37
162.07
161.76
161.46
161.15
160.85
160.55
160.24
159.94
159.63
159.33
159.03
158.72
158.42
158.12
157.81
157.51
157.21
156.9
156.6
156.3
156
155.69
155.39
155.09
154.79
154.49
154.19
153.89
153.59
153.28
152.98
152.68
152.38
152.08
151.78
151.48
151.18
150.89
150.59
150.29
149.99
149.69
149.39
149.09
148.79
148.5
148.2
147.9
147.6
147.31
147.01
146.71
146.42
146.12
145.82
145.53
145.23
144.93
144.64
144.34
144.05
143.75
143.46
143.16
142.87
142.57
142.28
141.99
141.69
141.4
141.1
140.81
140.52
140.23
139.93
139.64
139.35
139.06
138.76
138.47
138.18
137.89
137.6
137.31
137.02
136.72
136.43
136.14
135.85
135.56
135.27
134.98
134.7
134.41
134.12
133.83
133.54
133.25
132.96
132.68
132.39
132.1
131.81
131.53
131.24
130.95
130.67
130.38
130.09
129.81
129.52
129.24
128.95
128.67
128.38
128.1
127.81
127.53
127.24
126.96
126.68
126.39
126.11
125.83
125.54
125.26
124.98
124.7
124.41
124.13
123.85
123.57
123.29
123.01
122.73
122.45
122.17
121.89
121.61
121.33
121.05
120.77
120.49
120.21
119.93
119.65
119.38
119.1
118.82
118.54
118.27
117.99
117.71
117.44
117.16
116.88
116.61
116.33
116.06
115.78
115.51
115.23
114.96
114.68
114.41
114.14
113.86
113.59
113.32
113.04
112.77
112.5
112.23
111.95
111.68
111.41
111.14
110.87
110.6
110.33
110.06
109.79
109.52
109.25
108.98
108.71
108.44
108.17
107.9
107.64
107.37
107.1
106.83
106.57
106.3
106.03
105.77
105.5
105.23
104.97
104.7
104.44
104.17
103.91
103.64
103.38
103.12
102.85
102.59
102.33
102.06
101.8
101.54
101.28
101.01
100.75
100.49
100.23
99.969
99.708
99.448
99.187
98.928
98.668
98.409
98.15
97.891
97.632
97.374
97.116
96.858
96.601
96.343
96.086
95.83
95.573
95.317
95.061
94.805
94.55
94.295
94.04
93.785
93.531
93.277
93.023
92.769
92.516
92.263
92.01
91.758
91.505
91.254
91.002
90.75
90.499
90.248
89.998
89.747
89.497
89.248
88.998
88.749
88.5
88.251
88.003
87.755
87.507
87.259
87.012
86.765
86.518
86.272
86.025
85.78
85.534
85.289
85.043
84.799
84.554
84.31
84.066
83.822
83.579
83.336
83.093
82.85
82.608
82.366
82.124
81.883
81.642
81.401
81.161
80.92
80.68
80.441
80.201
79.962
79.723
79.485
79.247
79.009
78.771
78.534
78.297
78.06
77.823
77.587
77.351
77.116
76.88
76.645
76.411
76.176
75.942
75.708
75.475
75.241
75.008
74.776
74.543
74.311
74.08
73.848
73.617
73.386
73.156
72.925
72.695
72.466
72.236
72.007
71.779
71.55
71.322
71.094
70.867
70.639
70.412
70.186
69.959
69.733
69.508
69.282
69.057
68.832
68.608
68.384
68.16
67.936
67.713
67.49
67.268
67.045
66.823
66.602
66.38
66.159
65.939
65.718
65.498
65.278
65.059
64.84
64.621
64.402
64.184
63.966
63.748
63.531
63.314
63.097
62.881
62.665
62.449
62.234
62.019
61.804
61.59
61.376
61.162
60.948
60.735
60.523
60.31
60.098
59.886
59.675
59.463
59.252
59.042
58.832
58.622
58.412
58.203
57.994
57.785
57.577
57.369
57.162
56.954
56.747
56.541
56.334
56.128
55.923
55.718
55.513
55.308
55.104
54.9
54.696
54.493
54.29
54.087
53.885
53.683
53.481
53.28
53.079
52.878
52.678
52.478
52.278
52.079
51.88
51.681
51.483
51.285
51.087
50.89
50.693
50.496
50.3
50.104
49.909
49.713
49.518
49.324
49.13
48.936
48.742
48.549
48.356
48.164
47.971
47.78
47.588
47.397
47.206
47.016
46.826
46.636
46.446
46.257
46.069
45.88
45.692
45.504
45.317
45.13
44.944
44.757
44.571
44.386
44.2
44.016
43.831
43.647
43.463
43.279
43.096
42.914
42.731
42.549
42.367
42.186
42.005
41.824
41.644
41.464
41.284
41.105
40.926
40.748
40.569
40.392
40.214
40.037
39.86
39.684
39.508
39.332
39.157
38.982
38.807
38.633
38.459
38.285
38.112
37.939
37.767
37.595
37.423
37.252
37.081
36.91
36.74
36.57
36.4
36.231
36.062
35.894
35.726
35.558
35.391
35.224
35.057
34.891
34.725
34.559
34.394
34.229
34.065
33.901
33.737
33.574
33.411
33.248
33.086
32.924
32.762
32.601
32.44
32.28
32.12
31.96
31.801
31.642
31.484
31.325
31.168
31.01
30.853
30.696
30.54
30.384
30.229
30.073
29.919
29.764
29.61
29.456
29.303
29.15
28.998
28.845
28.694
28.542
28.391
28.24
28.09
27.94
27.791
27.641
27.493
27.344
27.196
27.048
26.901
26.754
26.608
26.462
26.316
26.17
26.025
25.881
25.737
25.593
25.449
25.306
25.163
25.021
24.879
24.738
24.596
24.456
24.315
24.175
24.035
23.896
23.757
23.619
23.481
23.343
23.206
23.069
22.932
22.796
22.66
22.525
22.39
22.255
22.121
21.987
21.853
21.72
21.588
21.455
21.323
21.192
21.061
20.93
20.8
20.67
20.54
20.411
20.282
20.154
20.026
19.898
19.771
19.644
19.517
19.391
19.266
19.14
19.015
18.891
18.767
18.643
18.52
18.397
18.274
18.152
18.03
17.909
17.788
17.668
17.547
17.428
17.308
17.189
17.071
16.953
16.835
16.717
16.6
16.484
16.368
16.252
16.136
16.021
15.907
15.792
15.679
15.565
15.452
15.34
15.227
15.115
15.004
14.893
14.782
14.672
14.562
14.453
14.344
14.235
14.127
14.019
13.912
13.805
13.698
13.592
13.486
13.381
13.276
13.171
13.067
12.963
12.86
12.757
12.654
12.552
12.45
12.349
12.248
12.147
12.047
11.947
11.848
11.749
11.65
11.552
11.454
11.357
11.26
11.164
11.068
10.972
10.877
10.782
10.687
10.593
10.499
10.406
10.313
10.221
10.129
10.037
9.9458
9.855
9.7646
9.6746
9.585
9.4958
9.407
9.3186
9.2307
9.1431
9.056
8.9692
8.8829
8.797
8.7115
8.6264
8.5417
8.4574
8.3736
8.2901
8.2071
8.1245
8.0422
7.9604
7.879
7.798
7.7175
7.6373
7.5576
7.4782
7.3993
7.3208
7.2427
7.165
7.0877
7.0109
6.9344
6.8584
6.7827
6.7075
6.6327
6.5584
6.4844
6.4108
6.3377
6.265
6.1927
6.1208
6.0493
5.9782
5.9076
5.8373
5.7675
5.6981
5.6291
5.5605
5.4924
5.4246
5.3573
5.2904
5.2239
5.1578
5.0921
5.0269
4.9621
4.8977
4.8337
4.7701
4.7069
4.6442
4.5818
4.5199
4.4584
4.3973
4.3367
4.2764
4.2166
4.1572
4.0982
4.0396
3.9815
3.9238
3.8664
3.8095
3.7531
3.697
3.6414
3.5861
3.5313
3.4769
3.423
3.3694
3.3163
3.2636
3.2113
3.1594
3.108
3.057
3.0063
2.9562
2.9064
2.857
2.8081
2.7596
2.7115
2.6638
2.6166
2.5698
2.5233
2.4774
2.4318
2.3867
2.3419
2.2976
2.2537
2.2103
2.1672
2.1246
2.0824
2.0407
1.9993
1.9584
1.9179
1.8778
1.8381
1.7989
1.76
1.7216
1.6837
1.6461
1.609
1.5723
1.536
1.5001
1.4647
1.4296
1.395
1.3609
1.3271
1.2938
1.2609
1.2284
1.1963
1.1647
1.1335
1.1027
1.0723
1.0423
1.0128
0.98372
0.95504
0.92679
0.89896
0.87155
0.84457
0.81801
0.79187
0.76616
0.74087
0.71601
0.69156
0.66755
0.64395
0.62078
0.59804
0.57572
0.55382
0.53235
0.5113
0.49067
0.47047
0.4507
0.43134
0.41241
0.39391
0.37583
0.35818
0.34095
0.32414
0.30776
0.2918
0.27627
0.26116
0.24648
0.23222
0.21838
0.20497
0.19199
0.17943
0.16729
0.15558
0.1443
0.13344
0.123
0.11299
0.1034
0.094239
0.085502
0.077189
0.069302
0.06184
0.054802
0.04819
0.042002
0.03624
0.030902
0.02599
0.021502
0.017439
0.013802
0.010589
0.0078012
0.0054386
0.003501
0.0019884
0.00090079
0.00023825
7.3534e-07
0
0
0
0
0
0
0
0
0
0
0
0
0
0
0
0
0
0
0
0
0
0
0
0
0
0
0
0
0
0
0
0
0
0
0
0
0
0
0
0
0
0
0
0
0
0
0
0
0
0
0
0
0
0
0
0
0
0
0
0
0
0
0
0
0
0
0
0
0
0
0
0
0
0
0
0
0
0
0
0
0
0
0
0
0
0
0
0
0
0
0
0
0
0
0
0
0
0
0
0
0
0
0
0
0
0
0
0
0
0
0
0
0
0
0
0
0
0
0
0
0
0
0
0
0
0
0
0
0
0
0
0
0
0
0
0
0
0
0
0
0
0
0
0
0
0
0
0
0
0
0
0
0
0
0
0
0
0
0
0
0
0
0
0
0
0
0
0
0
0
0
0
0
0
0
0
0
0
0
0
0
0
0
0
0
0
0
0
0
0
0
0
0
0
0
0
0
0
0
0
0
0
0
0
0
0
0
0
0
0
0
0
0
0
0
0
0
0
0
0
0
0
0
0
0
0
0
0
0
0
0
0
0
0
0
0
0
0
0
0
0
0
0
0
0
0
0
0
0
0
0
0
0
0
0
0
0
0
0
0
0
0
0
0
0
0
0
0
0
0
0
0
0
0
0
0
0
0
0
0
0
0
0
0
0
0
0
0
0
0
0
0
0
0
0
0
0
0
0
0
0
0
0
0
0
0
0
0
0
0
0
0
0
0
0
0
0
0
0
0
0
0
0
0
0
0
0
0
0
0
0
0
0
0
0
0
0
0
0
0
0
0
0
0
0
0
0
0
0
0
0
0
0
0
0
0
0
0
0
0
0
0
0
0
0
0
0
0
0
0
0
0
0
0
0
0
0
0
0
0
0
0
0
0
0
0
0
0
0
0
0
0
0
0
0
0
0
0
0
0
0
0
0
0
0
0
0
0
0
0
0
0
0
0
0
0
0
0
0
0
0
0
0
0
0
0
0
0
0
0
0
0
0
0
0
0
0
0
0
0
0
0
0
0
0
0
0
0
0
0
0
0
0
0
0
0
0
0
0
0
0
0
0
0
0
0
0
0
0
0
0
0
0
0
0
0
0
0
0
0
0
0
0
0
0
0
0
0
0
0
0
0
0
0
0
0
0
0
0
0
0
0
0
0
0
0
0
0
0
0
0
0
0
0
0
0
0
0
0
0
0
0
0
0
0
0
0
0
0
0
0
0
0
0
0
0
0
0
0
0
0
0
0
0
0
0
0
0
0
0
0
0
0
0
0
0
0
0
0
0
0
0
0
0
0
0
0
0
0
0
0
0
0
0
0
0
0
0
0
0
0
0
0
0
0
0
0
0
0
0
0
0
0
0
0
0
0
0
0
0
0
0
0
0
0
0
0
0
0
0
0
0
0
0
0
0
0
0
0
0
0
0
0
0
0
0
0
0
0
0
0
0
0
0
0
0
0
0
0
0
0
0
0
0
0
0
0
0
0
0
0
0
0
0
0
0
0
0
0
0
0
0
0
0
0
0
0
0
0
0
0
0
0
0
0
0
0
0
0
0
0
0
0
0
0
0
0
0
0
0
0
0
0
0
0
0
0
0
0
0
0
0
0
0
0
0
0
0
0
0
0
0
0
0
0
0
0
0
0
0
0
0
0
0
0
0
0
0
0
0
0
0
0
0
0
0
0
0
0
0
0
0
0
0
0
0
0
0
0
0
0
0
0
0
0
0
0
0
0
0
0
0
0
0
0
0
0
0
0
0
0
0
0
0
0
0
0
0
0
0
0
0
0
0
0
0
0
0
0
0
0
0
0
0
0
0
0
0
0
0
0
0
0
0
0
0
0
0
0
0
0
0
0
0
0
0
0
0
0
0
0
0
0
0
0
0
0
0
0
0
0
0
0
0
0
0
0
0
0
0
0
0
0
0
0
0
0
0
0
0
0
0
0
0
0
0
0
0
0
0
0
0
0
0
0
0
0
0
0
0
0
0
0
0
0
0
0
0
0
0
0
0
0
0
0
0
0
0
0
0
0
0
0
0
0
0
0
0
0
0
0
0
0
0
0
0
0
0
0
0
0
0
0
0
0
0
0
0
0
0
0
0
0
0
0
0
0
0
0
0
0
0
0
0
0
0
0
0
0
0
0
0
0
0
0
0
0
0
0
0
0
0
0
0
0
0
0
0
0
0
0
0
0
0
0
0
0
0
0
0
0
0
0
0
0
0
0
0
0
0
0
0
0
0
0
0
0
0
0
0
0
0
0
0
0
0
0
0
0
0
0
0
0
0
0
0
0
0
0
0
0
0
0
0
0
0
0
0
0
0
0
0
0
0
0
0
0
0
0
0
0
0
0
0
0
0
0
0
0
0
0
0
0
0
0
0
0
0
0
0
0
0
0
0
0
0
0
0
0
0
0
0
0
0
0
0
0
0
0
0
0
0
0
0
0
0
0
0
0
0
0
0
0
0
0
0
0
0
0
0
0
0
0
0
0
0
0
0
0
0
0
0
0
0
0
0
0
0
0
0
0
0
0
0
0
0
0
0
0
0
0
0
0
0
0
0
0
0
0
0
0
0
0
0
0
0
0
0
0
0
0
0
0
0
0
0
0
0
0
0
0
0
0
0
0
0
0
0
0
0
0
0
0
0
0
0
0
0
0
0
0
0
0
0
0
0
0
0
0
0
0
0
0
0
0
0
0
0
0
0
0
0
0
0
0
0
0
0
0
0
0
0
0
0
0
0
0
0
0
0
0
0
0
0
0
0
0
0
0
0
0
0
0
0
0
0
0
0
0
0
0
0
0
0
0
0
0
0
0
0
0
0
0
0
0
0
0
0
0
0
0
0
0
0
0
0
0
0
0
0
0
0
0
0
0
0
0
0
0
0
0
0
0
0
0
0
0
0
0
0
0
0
0
0
0
0
0
0
0
0
0
0
0
0
0
0
0
0
0
0
0
0
0
0
0
0
0
0
0
0
0
0
0
0
0
0
0
0
0
0
0
0
0
0
0
0
0
0
0
0
0
0
0
0
0
0
0
0
0
0
0
0
0
0
0
0
0
0
0
0
0
0
0
0
0
0
0
0
0
0
0
0
0
0
0
0
0
0
0
0
0
0
0
0
0
0
0
0
0
0
0
0
0
0
0
0
0
0
0
0
0
0
0
0
0
0
0
0
0
0
0
0
0
0
0
0
0
0
0
0
0
0
0
0
0
0
0
0
0
0
0
0
0
0
0
0
0
0
0
0
0
0
0
0
0
0
0
0
0
0
0
0
0
0
0
0
0
0
0
0
0
0
0
0
0
0
0
0
0
0
0
0
0
0
0
0
0
0
0
0
0
0
0
0
0
0
0
0
0
0
0
0
0
0
0
0
0
0
0
0
0
0
0
0
0
0
0
0
0
0
0
0
0
0
0
0
0
0
0
0
0
0
0
0
0
0
0
0
0
0
0
0
0
0
0
0
0
0
0
0
0
0
0
0
0
0
0
0
0
0
0
0
0
0
0
0
0
0
0
0
0
0
0
0
0
0
0
0
0
0
0
0
0
0
0
0
0
0
0
0
0
0
0
0
0
0
0
0
0
0
0
0
0
0
0
0
0
0
0
0
0
0
0
0
0
0
0
0
0
0
0
0
0
0
0
0
0
0
0
0
0
0
0
0
0
0
0
0
0
0
0
0
0
0
0
0
0
0
0
0
0
0
0
0
0
0
0
0
0
0
0
0
0
0
0
0
0
0
0
0
0
0
0
0
0
0
0
0
0
0
0
0
0
0
0
0
0
0
0
0
0
0
0
0
0
0
0
0
0
0
0
0
0
0
0
0
0
0
0
0
0
0
0
0
0
0
0
0
0
0
0
0
0
0
0
0
0
0
0
0
0
0
0
0
0
0
0
0
0
0
0
0
0
0
0
0
0
0
0
0
0
0
0
0
0
0
0
0
0
0
0
0
0
0
0
0
0
0
0
0
0
0
0
0
0
0
0
0
0
0
0
0
0
0
0
0
0
0
0
0
0
0
0
0
0
0
0
0
0
0
0
0
0
0
0
0
0
0
0
0
0
0
0
0
0
0
0
0
0
0
0
0
0
0
0
0
0
0
0
0
0
0
0
0
0
0
0
0
0
0
0
0
0
0
0
0
0
0
0
0
0
0
0
0
0
0
0
0
0
0
0
0
0
0
0
0
0
0
0
0
0
0
0
0
0
0
0
0
0
0
0
0
0
0
0
0
0
0
0
0
0
0
0
0
0
0
0
0
0
0
0
0
0
0
0
0
0
0
0
0
0
0
0
0
0
0
0
0
0
0
0
0
0
0
0
0
0
0
0
0
0
0
0
0
0
0
0
0
0
0
0
0
0
0
0
0
0
0
0
0
0
0
0
0
0
0
0
0
0
0
0
0
0
0
0
0
0
0
0
0
0
0
0
0
0
0
0
0
0
0
0
0
0
0
0
0
0
0
0
0
0
0
0
0
0
0
0
0
0
0
0
0
0
0
0
0
0
0
0
0
0
0
0
0
0
0
0
0
0
0
0
0
0
0
0
0
0
0
0
0
0
0
0
0
0
0
0
0
0
0
0
0
0
0
0
0
0
0
0
0
0
0
0
0
0
0
0
0
0
0
0
0
0
0
0
0
0
0
0
0
0
0
0
0
0
0
0
0
0
0
0
0
0
0
0
0
0
0
0
0
0
0
0
0
0
0
0
0
0
0
0
0
0
0
0
0
0
0
0
0
0
0
0
0
0
0
0
0
0
0
0
0
0
0
0
0
0
0
0
0
0
0
0
0
0
0
0
0
0
0
0
0
0
0
0
0
0
0
0
0
0
0
0
0
0
0
0
0
0
0
0
0
0
0
0
0
0
0
0
0
0
0
0
0
0
0
0
0
0
0
0
0
0
0
0
0
0
0
0
0
0
0
0
0
0
0
0
0
0
0
0
0
0
0
0
0
0
0
0
0
0
0
0
0
0
0
0
0
0
0
0
0
0
0
0
0
0
0
0
0
0
0
0
0
0
0
0
0
0
0
0
0
0
0
0
0
0
0
0
0
0
0
0
0
0
0
0
0
0
0
0
0
0
0
0
0
0
0
0
0
0
0
0
0
0
0
0
0
0
0
0
0
0
0
0
0
0
0
0
0
0
0
0
0
0
0
0
0
0
0
0
0
0
0
0
0
0
0
0
0
0
0
0
0
0
0
0
0
0
0
0
0
0
0
0
0
0
0
0
0
0
0
0
0
0
0
0
0
0
0
0
0
0
0
0
0
0
0
0
0
0
0
0
0
0
0
0
0
0
0
0
0
0
0
0
0
0
0
0
0
0
0
0
0
0
0
0
0
0
0
0
0
0
0
0
0
0
0
0
0
0
0
0
0
0
0
0
0
0
0
0
0
0
0
0
0
0
0
0
0
0
0
0
0
0
0
0
0
0
0
0
0
0
0
0
0
0
0
0
0
0
0
0
0
0
0
0
0
0
0
0
0
0
0
0
0
0
0
0
0
0
0
0
0
0
0
0
0
0
0
0
0
0
0
0
0
0
0
0
0
0
0
0
0
0
0
0
0
0
0
0
0
0
0
0
0
0
0
0
0
0
0
0
0
0
0
0
0
0
0
0
0
0
0
0
0
0
0
0
0
0
0
0
0
0
0
0
0
0
0
0
0
0
0
0
0
0
0
0
0
0
0
0
0
0
0
0
0
0
0
0
0
0
0
0
0
0
0
0
0
0
0
0
0
0
0
0
0
0
0
0
0
0
0
0
0
0
0
0
0
0
0
0
0
0
0
0
0
0
0
0
0
0
0
0
0
0
0
0
0
0
0
0
0
0
0
0
0
0
0
0
0
0
0
0
0
0
0
0
0
0
0
0
0
0
0
0
0
0
0
0
0
0
0
0
0
0
0
0
0
0
0
0
0
0
0
0
0
0
0
0
0
0
0
0
0
0
0
0
0
0
0
0
0
0
0
0
0
0
0
0
0
0
0
0
0
0
0
0
0
0
0
0
0
0
0
0
0
0
0
0
0
0
0
0
0
0
0
0
0
0
0
0
0
0
0
0
0
0
0
0
0
0
0
0
0
0
0
0
0
0
0
0
0
0
0
0
0
0
0
0
0
0
0
0
0
0
0
0
0
0
0
0
0
0
0
0
0
0
0
0
0
0
0
0
0
0
0
0
0
0
0
0
0
0
0
0
0
0
0
0
0
0
0
0
0
0
0
0
0
0
0
0
0
0
0
0
0
0
0
0
0
0
0
0
0
0
0
0
0
0
0
0
0
0
0
0
0
0
0
0
0
0
0
0
0
0
0
0
0
0
0
0
0
0
0
0
0
0
0
0
0
0
0
0
0
0
0
0
0
0
0
0
0
0
0
0
0
0
0
0
0
0
0
0
0
0
0
0
0
0
0
0
0
0
0
0
0
0
0
0
0
0
0
0
0
0
0
0
0
0
0
0
0
0
0
0
0
0
0
0
0
0
0
0
0
0
0
0
0
0
0
0
0
0
0
0
0
0
0
0
0
0
0
0
0
0
0
0
0
0
0
0
0
0
0
0
0
0
0
0
0
0
0
0
0
0
0
0
0
0
0
0
0
0
0
0
0
0
0
0
0
0
0
0
0
0
0
0
0
0
0
0
0
0
0
0
0
0
0
0
0
0
0
0
0
0
0
0
0
0
0
0
0
0
0
0
0
0
0
0
0
0
0
0
0
0
0
0
0
0
0
0
0
0
0
0
0
0
0
0
0
0
0
0
0
0
0
0
0
0
0
0
0
0
0
0
0
0
0
0
0
0
0
0
0
0
0
0
0
0
0
0
0
0
0
0
0
0
0
0
0
0
0
0
0
0
0
0
0
0
0
0
0
0
0
0
0
0
0
0
0
0
0
0
0
0
0
0
0
0
0
0
0
0
0
0
0
0
0
0
0
0
0
0
0
0
0
0
0
0
0
0
0
0
0
0
0
0
0
0
0
0
0
0
0
0
0
0
0
0
0
0
0
0
0
0
0
0
0
0
0
0
0
0
0
0
0
0
0
0
0
0
0
0
0
0
0
0
0
0
0
0
0
0
0
0
0
0
0
0
0
0
0
0
0
0
0
0
0
0
0
0
0
0
0
0
0
0
0
0
0
0
0
0
0
0
0
0
0
0
0
0
0
0
0
0
0
0
0
0
0
0
0
0
0
0
0
0
0
0
0
0
0
0
0
0
0
0
0
0
0
0
0
0
0
0
0
0
0
0
0
0
0
0
0
0
0
0
0
0
0
0
0
0
0
0
0
0
0
0
0
0
0
0
0
0
0
0
0
0
0
0
0
0
0
0
0
0
0
0
0
0
0
0
0
0
0
0
0
0
0
0
0
0
0
0
0
0
0
0
0
0
0
0
0
0
0
0
0
0
0
0
0
0
0
0
0
0
0
0
0
0
0
0
0
0
0
0
0
0
0
0
0
0
0
0
0
0
0
0
0
0
0
0
0
0
0
0
0
0
0
0
0
0
0
0
0
0
0
0
0
0
0
0
0
0
0
0
0
0
0
0
0
0
0
0
0
0
0
0
0
0
0
0
0
0
0
0
0
0
0
0
0
0
0
0
0
0
0
0
0
0
0
0
0
0
0
0
0
0
0
0
0
0
0
0
0
0
0
0
0
0
0
0
0
0
0
0
0
0
0
0
0
0
0
0
0
0
0
0
0
0
0
0
0
0
0
0
0
0
0
0
0
0
0
0
0
0
0
0
0
0
0
0
0
0
0
0
0
0
0
0
0
0
0
0
0
0
0
0
0
0
0
0
0
0
0
0
0
0
0
0
0
0
0
0
0
0
0
0
0
0
0
0
0
0
0
0
0
0
0
0
0
0
0
0
0
0
0
0
0
0
0
0
0
0
0
0
0
0
0
0
0
0
0
0
0
0
0
0
0
0
0
0
0
0
0
0
0
0
0
0
0
0
0
0
0
0
0
0
0
0
0
0
0
0
0
0
0
0
0
0
0
0
0
0
0
0
0
0
0
0
0
0
0
0
0
0
0
0
0
0
0
0
0
0
0
0
0
0
0
0
0
0
0
0
0
0
0
0
0
0
0
0
0
0
0
0
0
0
0
0
0
0
0
0
0
0
0
0
0
0
0
0
0
0
0
0
0
0
0
0
0
0
0
0
0
0
0
0
0
0
0
0
0
0
0
0
0
0
0
0
0
0
0
0
0
0
0
0
0
0
0
0
0
0
0
0
0
0
0
0
0
0
0
0
0
0
0
0
0
0
0
0
0
0
0
0
0
0
0
0
0
0
0
0
0
0
0
0
0
0
0
0
0
0
0
0
0
0
0
0
0
0
0
0
0
0
0
0
0
0
0
0
0
0
0
0
0
0
0
0
0
0
0
0
0
0
0
0
0
0
0
0
0
0
0
0
0
0
0
0
0
0
0
0
0
0
0
0
0
0
0
0
0
0
0
0
0
0
0
0
0
0
0
0
0
0
0
0
0
0
0
0
0
0
0
0
0
0
0
0
0
0
0
0
0
0
0
0
0
0
0
0
0
0
0
0
0
0
0
0
0
0
0
0
0
0
0
0
0
0
0
0
0
0
0
0
0
0
0
0
0
0
0
0
0
0
0
0
0
0
0
0
0
0
0
0
0
0
0
0
0
0
0
0
0
0
0
0
0
0
0
0
0
0
0
0
0
0
0
0
0
0
0
0
0
0
0
0
0
0
0
0
0
0
0
0
0
0
0
0
0
0
0
0
0
0
0
0
0
0
0
0
0
0
0
0
0
0
0
0
0
0
0
0
0
0
0
0
0
0
0
0
0
0
0
0
0
0
0
0
0
0
0
0
0
0
0
0
0
0
0
0
0
0
0
0
0
0
0
0
0
0
0
0
0
0
0
0
0
0
0
0
0
0
0
0
0
0
0
0
0
0
0
0
0
0
0
0
0
0
0
0
0
0
0
0
0
0
0
0
0
0
0
0
0
0
0
0
0
0
0
0
0
0
0
0
0
0
0
0
0
0
0
0
0
0
0
0
0
0
0
0
0
0
0
0
0
0
0
0
0
0
0
0
0
0
0
0
0
0
0
0
0
0
0
0
0
0
0
0
0
0
0
0
0
0
0
0
0
0
0
0
0
0
0
0
0
0
0
0
0
0
0
0
0
0
0
0
0
0
0
0
0
0
0
0
0
0
0
0
0
0
0
0
0
0
0
0
0
0
0
0
0
0
0
0
0
0
0
0
0
0
0
0
0
0
0
0
0
0
0
0
0
0
0
0
0
0
0
0
0
0
0
0
0
0
0
0
0
0
0
0
0
0
0
0
0
0
0
0
0
0
0
0
0
0
0
0
0
0
0
0
0
0
0
0
0
0
0
0
0
0
0
0
0
0
0
0
0
0
0
0
0
0
0
0
0
0
0
0
0
0
0
0
0
0
0
0
0
0
0
0
0
0
0
0
0
0
0
0
0
0
0
0
0
0
0
0
0
0
0
0
0
0
0
0
0
0
0
0
0
0
0
0
0
0
0
0
0
0
0
0
0
0
0
0
0
0
0
0
0
0
0
0
0
0
0
0
0
0
0
0
0
0
0
0
0
0
0
0
0
0
0
0
0
0
0
0
0
0
0
0
0
0
0
0
0
0
0
0
0
0
0
0
0
0
0
0
0
0
0
0
0
0
0
0
0
0
0
0
0
0
0
0
0
0
0
0
0
0
0
0
0
0
0
0
0
0
0
0
0
0
0
0
0
0
0
0
0
0
0
0
0
0
0
0
0
0
0
0
0
0
0
0
0
0
0
0
0
0
0
0
0
0
0
